Oct 23, 2019 - 3397	1116192228	13
Oct 19, 2019 - 3396	0817323445	24
Oct 16, 2019 - 3395	0718284144	05
Oct 12, 2019 - 3394	1108022633	14
Oct 9, 2019 - 3393	0914180738	12
Oct 5, 2019 - 3392	4227334708	12
Oct 2, 2019 - 3391	3429352745	15
Sep 28, 2019 - 3390	3805391333	16
Sep 25, 2019 - 3389	1107261303	12
Sep 21, 2019 - 3388	3139013437	12
Sep 18, 2019 - 3387	0727052322	27
Sep 14, 2019 - 3386	2730180410	7
Sep 11, 2019 - 3385	1504240646	6
Sep 7, 2019 - 3384	0818234320	5
Sep 4, 2019 - 3383	4524431622	16
Aug 31, 2019 - 3382	2405083913	23
Aug 28, 2019 - 3381	1421313916	3
Aug 24, 2019 - 3380	4524060414	21
Aug 21, 2019 - 3379	3428251939	9
Aug 17, 2019 - 3378	3134201302	14
Aug 14, 2019 - 3377	4544063847	15
Aug 10, 2019 - 3376	2445114039	27
Aug 7, 2019 - 3375	1213473901	9
Aug 3, 2019 - 3374	3218272117	23
Jul 31, 2019 - 3373	3701410828	8
Jul 27, 2019 - 3372	2322271008	4
Jul 24, 2019 - 3371	0235410145	6
Jul 20, 2019 - 3370	2801291743	4
Jul 17, 2019 - 3369	1506011445	13
Jul 13, 2019 - 3368	0130131820	17
Jul 10, 2019 - 3367	0914084521	24
Jul 6, 2019 - 3366	0346223528	16
Jul 3, 2019 - 3365	2904440347	15
Jun 29, 2019 - 3364	3031440341	5
Jun 26, 2019 - 3363	1737202706	13
Jun 22, 2019 - 3362	0640082042	24
Jun 19, 2019 - 3361	0816174431	21
Jun 15, 2019 - 3360	1928380235	20
Jun 12, 2019 - 3359	3410241623	3
Jun 8, 2019 - 3358	3809063318	14
Jun 5, 2019 - 3357	4121281612	26
Jun 1, 2019 - 3356	1331161032	4ß
May 29, 2019 - 3355	0318260141	8
May 25, 2019 - 3354	3210043643	26
May 22, 2019 - 3353	4337163442	21
May 18, 2019 - 3352	3628221427	20
May 15, 2019 - 3351	0527382322	16
May 11, 2019 - 3350	1408063410	12
May 8, 2019 - 3349	1239261744	2
May 4, 2019 - 3348	3338044305	15
May 1, 2019 - 3347	0413030247	2
Apr 27, 2019 - 3346	3501322902	18
Apr 24, 2019 - 3345	0145361735	4
Apr 20, 2019 - 3344	2703210130	23
Apr 17, 2019 - 3343	2305274631	20
Apr 13, 2019 - 3342	0603453611	26
Apr 10, 2019 - 3341	2231421604	4
Apr 6, 2019 - 3340	2923013342	3
Apr 3, 2019 - 3339	4237092102	12
Mar 30, 2019 - 3338	4710312137	24
Mar 27, 2019 - 3337	3918224226	4
Mar 23, 2019 - 3336	1124254745	22
Mar 20, 2019 - 3335	1541212825	27
Mar 16, 2019 - 3334	2328210245	11
Mar 13, 2019 - 3333	3120372944	15
Mar 9, 2019 - 3332	2214390619	7
Mar 6, 2019 - 3331	0943273910	11
Mar 2, 2019 - 3330	2230273346	25
Feb 27, 2019 - 3329	1125322602	13
Feb 23, 2019 - 3328	2123152634	18
Feb 20, 2019 - 3327	4018093546	4
Feb 16, 2019 - 3326	3545051415	5
Feb 13, 2019 - 3325	4033260846	13
Feb 9, 2019 - 3324	2208334731	25
Feb 6, 2019 - 3323	0104171838	12
Feb 2, 2019 - 3322	3747450334	17
Jan 30, 2019 - 3321	2046031416	4
Jan 26, 2019 - 3320	3134231016	8
Jan 23, 2019 - 3319	2825223406	6
Jan 16, 2019 - 3317	3444370122	27
Jan 12, 2019 - 3316	3106421824	24
Jan 9, 2019 - 3315	4428294303	18
Jan 5, 2019 - 3314	2308461703	18
Jan 2, 2019 - 3313	2142293947	19
Dec 29, 2018 - 3312	1706354204	6
Dec 26, 2018 - 3311	3611310147	11
Dec 22, 2018 - 3310	2640352418	23
Dec 19, 2018 - 3309	2409173507	22
Dec 15, 2018 - 3308	2122444502	1
Dec 12, 2018 - 3307	1115420635	16
Dec 8, 2018 - 3306	3211173545	19
Dec 5, 2018 - 3305	0642130333	24
Dec 1, 2018 - 3304	3209301407	7
Nov 28, 2018 - 3303	1821344326	1
Nov 24, 2018 - 3302	2215160744	1
Nov 21, 2018 - 3301	4301381210	12
Nov 17, 2018 - 3300	4634232045	1
Nov 14, 2018 - 3299	3225394406	9
Nov 10, 2018 - 3298	3601372003	18
Nov 7, 2018 - 3297	2545122847	16
Nov 3, 2018 - 3296	2339311433	18
Oct 31, 2018 - 3295	4028414736	15
Oct 27, 2018 - 3294	3808012328	17
Oct 24, 2018 - 3293	0201344406	6
Oct 20, 2018 - 3292	1145361938	18
Oct 19, 2018 - 1391	6553231570	7
Oct 17, 2018 - 3291	1116220323	9
Oct 13, 2018 - 3290	2340033038	1
Oct 10, 2018 - 3289	4021461634	24
Oct 6, 2018 - 3288	1503142616	4
Oct 3, 2018 - 3287	3209182016	15
Sep 29, 2018 - 3286	3723112507	6
Sep 26, 2018 - 3285	0932362821	17
Sep 22, 2018 - 3284	2209244445	5
Sep 19, 2018 - 3283	0830411513	24
Sep 15, 2018 - 3282	1728342039	27
Sep 12, 2018 - 3281	0314373941	18
Sep 8, 2018 - 3280	2547174128	9
Sep 5, 2018 - 3279	2708063824	5
Sep 1, 2018 - 3278	3712271429	3
Aug 29, 2018 - 3277	2838231039	15
Aug 25, 2018 - 3276	3803171413	20
Aug 22, 2018 - 3275	1124023746	15
Aug 18, 2018 - 3274	2438043005	26
Aug 15, 2018 - 3273	0847391036	2
Aug 11, 2018 - 3272	1128244623	18
Aug 8, 2018 - 3271	3003462132	19
Aug 4, 2018 - 3270	3814334619	16
Aug 1, 2018 - 3269	0123440435	2
Jul 28, 2018 - 3268	0433110831	12
Jul 25, 2018 - 3267	4006271630	11
Jul 21, 2018 - 3266	3044030432	11
Jul 18, 2018 - 3265	0304160139	19
Jul 14, 2018 - 3264	2405122637	4
Jul 11, 2018 - 3263	1815392016	3
Jul 7, 2018 - 3262	1036343901	25
Jul 4, 2018 - 3261	3844322133	8
Jun 30, 2018 - 3260	2301222636	4
Jun 27, 2018 - 3259	3406291632	15
Jun 23, 2018 - 3258	1302230906	22
Jun 20, 2018 - 3257	0619281525	1
Jun 16, 2018 - 3256	2442111330	4
Jun 13, 2018 - 3255	3844404708	4
Jun 9, 2018 - 3254	1127473305	18
Jun 6, 2018 - 3253	1937031626	1
Jun 2, 2018 - 3252	3744031511	10
May 30, 2018 - 3251	1423174625	6
May 26, 2018 - 3250	4704254230	23
May 23, 2018 - 3249	3406383944	12
May 19, 2018 - 3248	3712223025	24
May 16, 2018 - 3247	2243243118	15
May 12, 2018 - 3246	0901172520	7
May 9, 2018 - 3245	0407372841	2
May 5, 2018 - 3244	1536380143	26
May 2, 2018 - 3243	4433282511	11
Apr 28, 2018 - 3242	1737220209	22
Apr 25, 2018 - 3241	1845203608	21
Apr 21, 2018 - 3240	3012191434	11
Apr 18, 2018 - 3239	1801322509	17
Apr 14, 2018 - 3238	3914312705	19
Apr 11, 2018 - 3237	1605220928	23
Apr 7, 2018 - 3236	2413391638	4
Apr 4, 2018 - 3235	2403361512	23
Mar 31, 2018 - 3234	2730124729	19
Mar 28, 2018 - 3233	1003210442	3
Mar 24, 2018 - 3232	4315092201	3
Mar 21, 2018 - 3231	2506144220	1
Mar 17, 2018 - 3230	1016112535	6
Mar 14, 2018 - 3229	1804092432	3
Mar 10, 2018 - 3228	3117193042	25
Mar 7, 2018 - 3227	1012073719	8
Mar 3, 2018 - 3226	4345064224	9
Feb 28, 2018 - 3225	0625070914	13
Feb 24, 2018 - 3224	3822152906	24
Feb 21, 2018 - 3223	4510314325	6
Feb 17, 2018 - 3222	1939342736	17
Feb 14, 2018 - 3221	4608152623	21
Feb 10, 2018 - 3220	3341324227	7
Feb 7, 2018 - 3219	2007182415	1
Feb 3, 2018 - 3218	4110454629	10
Jan 31, 2018 - 3217	2132190406	24
Jan 27, 2018 - 3216	4508190540	1
Jan 24, 2018 - 3215	1025294143	20
Jan 20, 2018 - 3214	2225164144	3
Jan 17, 2018 - 3213	1808033136	7
Jan 13, 2018 - 3212	3303282440	27
Jan 10, 2018 - 3211	3644193746	23
Jan 6, 2018 - 3210	2115240439	6
Jan 3, 2018 - 3209	3527183124	15
Dec 30, 2017 - 3208	3037272532	3
Dec 27, 2017 - 3207	0114244108	10
Dec 23, 2017 - 3206	0107403404	1
Dec 20, 2017 - 3205	1327290107	26
Dec 16, 2017 - 3204	2117440437	17
Dec 13, 2017 - 3203	1519113914	15
Dec 9, 2017 - 3202	0845193441	21
Dec 6, 2017 - 3201	1224070102	23
Dec 2, 2017 - 3200	3318074240	7
Nov 29, 2017 - 3199	0333262707	6
Nov 25, 2017 - 3198	2146132517	19
Nov 22, 2017 - 3197	3240274208	3