Jun 14, 2019 - 1459	4065194757	6
Jun 11, 2019 - 1458	3420395743	13
Jun 7, 2019 - 1457	2768171940	2
Jun 4, 2019 - 1456	4625486837	25
May 31, 2019 - 1455	6708260765	4
May 28, 2019 - 1454	5009422134	21
May 24, 2019 - 1453	6214445641	10
May 21, 2019 - 1452	5855105056	15
May 17, 2019 - 1451	0532281763	11
May 14, 2019 - 1450	6768115966	18
May 10, 2019 - 1449	6162211603	19
May 7, 2019 - 1448	5403630634	19
May 3, 2019 - 1447	1608686622	11
Apr 30, 2019 - 1446	3741702461	20
Apr 26, 2019 - 1445	3046230917	10
Apr 23, 2019 - 1444	0767304824	9
Apr 19, 2019 - 1443	4443185725	25
Apr 16, 2019 - 1442	1134295448	10
Apr 12, 2019 - 1441	2425017040	4
Apr 9, 2019 - 1440	2211583444	9
Apr 5, 2019 - 1439	3808226424	21
Apr 2, 2019 - 1438	6447595833	25
Mar 29, 2019 - 1437	6615620514	3
Mar 26, 2019 - 1436	0414224358	9
Mar 22, 2019 - 1435	3662586007	10
Mar 19, 2019 - 1434	6710426853	15
Mar 15, 2019 - 1433	6462560329	4
Mar 12, 2019 - 1432	1657124910	18
Mar 8, 2019 - 1431	6842040962	7
Mar 5, 2019 - 1430	1532205237	6
Mar 1, 2019 - 1429	3329663960	21
Feb 26, 2019 - 1428	1012602414	20
Feb 22, 2019 - 1427	3455182431	4
Feb 19, 2019 - 1426	6524563417	3
Feb 15, 2019 - 1425	6543403810	12
Feb 12, 2019 - 1424	1539655032	7
Feb 8, 2019 - 1423	4248312414	13
Feb 5, 2019 - 1422	3666033459	7
Feb 1, 2019 - 1421	0237486668	11
Jan 29, 2019 - 1420	1054533362	22
Jun 14, 2019 - 1459	4065194757	6
Jun 11, 2019 - 1458	3420395743	13
Jun 7, 2019 - 1457	2768171940	2
Jun 4, 2019 - 1456	4625486837	25
May 31, 2019 - 1455	6708260765	4
May 28, 2019 - 1454	5009422134	21
May 24, 2019 - 1453	6214445641	10
May 21, 2019 - 1452	5855105056	15
May 17, 2019 - 1451	0532281763	11
May 14, 2019 - 1450	6768115966	18
May 10, 2019 - 1449	6162211603	19
May 7, 2019 - 1448	5403630634	19
May 3, 2019 - 1447	1608686622	11
Apr 30, 2019 - 1446	3741702461	20
Apr 26, 2019 - 1445	3046230917	10
Apr 23, 2019 - 1444	0767304824	9
Apr 19, 2019 - 1443	4443185725	25
Apr 16, 2019 - 1442	1134295448	10
Apr 12, 2019 - 1441	2425017040	4
Apr 9, 2019 - 1440	2211583444	9
Jan 25, 2019 - 1419	6108163038	10
Jan 22, 2019 - 1418	0415376459	16
Jan 18, 2019 - 1417	0243486264	24
Jan 15, 2019 - 1416	6058295262	7
Jan 11, 2019 - 1415	3105046269	20
Jan 8, 2019 - 1414	1338262964	5
Jan 4, 2019 - 1413	2960352154	15
Jan 1, 2019 - 1412	5770346244	14
Dec 28, 2018 - 1411	0938371025	21
Dec 25, 2018 - 1410	0842504302	6
Dec 21, 2018 - 1409	7013611062	5
Dec 18, 2018 - 1408	6932136022	9
Dec 14, 2018 - 1407	2605494322	23
Dec 11, 2018 - 1406	5938045439	12
Dec 7, 2018 - 1405	3304102057	13
Dec 4, 2018 - 1404	2841503142	4
Nov 30, 2018 - 1403	2563404328	19
Nov 27, 2018 - 1402	2442573712	18
Nov 23, 2018 - 1401	1007303359	23
Nov 20, 2018 - 1400	1631661042	10
Nov 16, 2018 - 1399	6336336869	16
Nov 13, 2018 - 1398	6569465734	11
Nov 9, 2018 - 1397	2767081457	5
Nov 6, 2018 - 1396	2834566937	12
Nov 2, 2018 - 1395	6203284623	16
Oct 30, 2018 - 1394	2049393146	23
Oct 26, 2018 - 1393	2801616362	5
Oct 23, 2018 - 1392	2870056265	5
Oct 19, 2018 - 1391	6553231570	7
Oct 16, 2018 - 1390	6945610349	9
Oct 12, 2018 - 1389	7024460461	7
Oct 9, 2018 - 1388	5422392060	18
Oct 5, 2018 - 1387	4132276928	12
Oct 2, 2018 - 1386	0229343122	1
Sep 28, 2018 - 1385	3956455259	15
Sep 25, 2018 - 1384	4832086116	12
Sep 21, 2018 - 1383	1152640201	9
Sep 18, 2018 - 1382	4332316368	17
Sep 14, 2018 - 1381	4066233043	13
Sep 11, 2018 - 1380	6251153067	19
Sep 7, 2018 - 1379	0868105441	10
Sep 4, 2018 - 1378	0225443507	3
Aug 31, 2018 - 1377	0718453229	17
Aug 28, 2018 - 1376	3334200341	20
Aug 24, 2018 - 1375	0601181349	8
Aug 21, 2018 - 1374	5738191416	11
Aug 17, 2018 - 1373	4732015631	3
Aug 14, 2018 - 1372	4426114546	11
Aug 10, 2018 - 1371	0342221201	6
Aug 7, 2018 - 1370	1321620215	2
Aug 3, 2018 - 1369	3060285409	2
Jul 31, 2018 - 1368	3564156912	9
Jul 27, 2018 - 1367	4901634032	20
Jul 24, 2018 - 1366	1902040129	20
Jul 20, 2018 - 1365	4414306201	1
Jul 17, 2018 - 1364	6140666741	12
Jul 13, 2018 - 1363	3922682159	2
Jul 10, 2018 - 1362	2856700117	14
Jul 6, 2018 - 1361	5650460210	16
Jul 3, 2018 - 1360	6813453549	23
Jun 29, 2018 - 1359	6849320247	23
Jun 26, 2018 - 1358	3925602917	19
Jun 22, 2018 - 1357	4411060227	20
Jun 19, 2018 - 1356	1328117065	14
Jun 15, 2018 - 1355	3751110147	6
Jun 12, 2018 - 1354	7003050108	3
Jun 8, 2018 - 1353	3356301444	13
Jun 5, 2018 - 1352	4852334122	4
Jun 1, 2018 - 1351	2452620566	17
May 29, 2018 - 1350	5802671155	2
May 25, 2018 - 1349	6864511114	25
May 22, 2018 - 1348	3616211748	9
May 18, 2018 - 1347	5309266466	11
May 15, 2018 - 1346	4449216134	21
May 11, 2018 - 1345	3814407053	22
May 8, 2018 - 1344	6467390815	13
May 4, 2018 - 1343	1004121805	21
May 1, 2018 - 1342	5570022007	1
Apr 27, 2018 - 1341	3802636629	11
Apr 24, 2018 - 1340	4832031931	10
Apr 20, 2018 - 1339	3245011815	4
Apr 17, 2018 - 1338	4744346512	22
Apr 13, 2018 - 1337	0809423259	10
Apr 10, 2018 - 1336	4331051353	20
Apr 6, 2018 - 1335	3351671654	20
Apr 3, 2018 - 1334	3904296242	14
Mar 30, 2018 - 1333	5946281131	1
Mar 27, 2018 - 1332	2556074359	13
Mar 23, 2018 - 1331	5953230408	17
Mar 20, 2018 - 1330	1438517064	9
Mar 16, 2018 - 1329	2652330113	11
Mar 13, 2018 - 1328	0630616058	17
Mar 9, 2018 - 1327	1846176607	22
Mar 6, 2018 - 1326	0104393526	22
Mar 2, 2018 - 1325	6064282442	8
Feb 27, 2018 - 1324	1038172143	23
Feb 23, 2018 - 1323	1358111907	9
Feb 20, 2018 - 1322	2443171923	14
Feb 16, 2018 - 1321	3848581453	16
Feb 13, 2018 - 1320	0546154912	1
Feb 9, 2018 - 1319	2841344746	14
Feb 6, 2018 - 1318	2514481758	25
Feb 2, 2018 - 1317	1740040114	4
Jan 30, 2018 - 1316	2957494241	24
Jan 26, 2018 - 1315	2738431610	1
Jan 23, 2018 - 1314	3130550602	7
Jan 19, 2018 - 1313	4903236617	23
Jan 16, 2018 - 1312	0329592311	18
Jan 12, 2018 - 1311	4617336018	24
Jan 9, 2018 - 1310	1629673165	23
Jan 5, 2018 - 1309	7059302839	10
Jan 2, 2018 - 1308	0142644770	22
Dec 29, 2017 - 1307	2804106218	7
Dec 26, 2017 - 1306	4112103820	25
Dec 22, 2017 - 1305	3033420120	16
Dec 19, 2017 - 1304	3739582842	2
Dec 15, 2017 - 1303	0444573612	19
Dec 12, 2017 - 1302	2425232708	9
Dec 8, 2017 - 1301	4606603770	24
Dec 5, 2017 - 1300	1542671437	22
Dec 1, 2017 - 1299	4122594016	8
Nov 28, 2017 - 1298	1047175161	5
Nov 24, 2017 - 1297	1636546164	22
Nov 21, 2017 - 1296	0703275022	3
Nov 17, 2017 - 1295	2655705803	15
Nov 14, 2017 - 1294	1401212228	19
Nov 10, 2017 - 1293	0638422358	24
Nov 7, 2017 - 1292	0168696054	11
Nov 3, 2017 - 1291	6910614222	3
Oct 31, 2017 - 1290	3153062852	12
Oct 27, 2017 - 1289	5141275217	13
Oct 24, 2017 - 1288	2464345620	6
Oct 20, 2017 - 1287	6306736623	9
Oct 17, 2017 - 1286	4970563145	11
Oct 13, 2017 - 1285	3107260218	12
Oct 10, 2017 - 1284	1607616224	2
Oct 6, 2017 - 1283	3356214536	12
Oct 3, 2017 - 1282	2518191267	7
Sep 29, 2017 - 1281	6273745125	7
Sep 26, 2017 - 1280	1066017557	4
