Oct 2, 2019 - 677	4353081004	7
Sep 28, 2019 - 676	5155341523	4
Sep 25, 2019 - 675	4443374553	25
Sep 21, 2019 - 674	0168362209	22
Sep 18, 2019 - 673	1419475139	15
Sep 14, 2019 - 672	3111273667	11
Sep 11, 2019 - 671	5324570617	3
Sep 7, 2019 - 670	4156201142	6
Sep 4, 2019 - 669	5230080459	2
Aug 31, 2019 - 668	4150145657	18
Aug 28, 2019 - 667	3209415637	14
Aug 24, 2019 - 666	4720122105	1
Aug 21, 2019 - 665	2232211229	21
Aug 17, 2019 - 664	2430182160	20
Aug 14, 2019 - 663	5169301013	10
Aug 10, 2019 - 662	4159584435	3
Aug 7, 2019 - 661	4708593253	3
Aug 3, 2019 - 660	4568030666	13
Jul 31, 2019 - 659	1437674755	6
Jul 27, 2019 - 658	6119014831	6
Jul 24, 2019 - 657	2953563522	13
Jul 20, 2019 - 656	0564362669	19
Jul 17, 2019 - 655	1947686043	10
Jul 13, 2019 - 654	3235132368	21
Jul 10, 2019 - 653	0768092644	3
Jul 6, 2019 - 652	0408462365	1
Jul 3, 2019 - 651	5045434061	25
Jun 29, 2019 - 650	5913246217	8
Jun 26, 2019 - 649	5422160105	24
Jun 22, 2019 - 648	6614030611	21
Jun 19, 2019 - 647	2638210418	1
Jun 15, 2019 - 646	0811491614	14
Jun 12, 2019 - 645	4257353805	13
Jun 8, 2019 - 644	1309484260	18
Jun 5, 2019 - 643	3817283423	8
Jun 1, 2019 - 642	3445065215	8
May 29, 2019 - 641	6103423234	7
May 25, 2019 - 640	4339026601	2
May 22, 2019 - 639	0744571020	3
May 18, 2019 - 638	0210666725	26
May 15, 2019 - 637	3368611707	4
May 11, 2019 - 636	4009080637	26
May 8, 2019 - 635	6664455301	3
May 4, 2019 - 634	3006231661	2
May 1, 2019 - 633	6628235605	17
Apr 27, 2019 - 632	4529624102	6
Apr 24, 2019 - 631	3565323606	4
Apr 20, 2019 - 630	0363276530	1
Apr 17, 2019 - 629	1546661701	15
Apr 13, 2019 - 628	1726320449	10
Apr 10, 2019 - 627	3912212367	6
Apr 6, 2019 - 626	3343605915	8
Apr 3, 2019 - 625	2516324919	18
Mar 30, 2019 - 624	5452216468	4
Mar 27, 2019 - 623	4462203716	12
Mar 23, 2019 - 622	6652602425	5
Mar 20, 2019 - 621	1053506314	21
Mar 16, 2019 - 620	6730343953	11
Mar 13, 2019 - 619	6936454718	14
Mar 9, 2019 - 618	4505595506	14
Mar 6, 2019 - 617	2135100646	23
Mar 2, 2019 - 616	2768251901	21
Feb 27, 2019 - 615	4931594221	23
Feb 23, 2019 - 614	3204200614	13
Feb 20, 2019 - 613	5052495127	2
Feb 16, 2019 - 612	4830416429	1
Feb 13, 2019 - 611	0224086914	26
Feb 9, 2019 - 610	0739020301	25
Feb 6, 2019 - 609	1328056338	21
Feb 2, 2019 - 608	1043171865	13
Jan 30, 2019 - 607	1602122954	6
Jan 26, 2019 - 606	1208213220	10
Jan 23, 2019 - 605	5025482347	24
Jan 19, 2019 - 604	0565086641	20
Jan 16, 2019 - 603	1461293156	1
Jan 12, 2019 - 602	5758073648	24
Jan 9, 2019 - 601	1959370649	22
Jan 5, 2019 - 600	1527690703	19
Jan 2, 2019 - 599	5646421208	12
Dec 29, 2018 - 598	5153426212	25
Dec 26, 2018 - 597	5238256705	24
Dec 22, 2018 - 596	4059282130	26
Dec 19, 2018 - 595	4331293715	16
Dec 15, 2018 - 594	0838555243	17
Dec 15, 2018 - 594	0838555243	17
Dec 12, 2018 - 593	0964292104	26
Dec 8, 2018 - 592	6114343246	10
Dec 5, 2018 - 591	3638091137	11
Dec 1, 2018 - 590	1058471155	26
Nov 28, 2018 - 589	0468596919	21
Nov 24, 2018 - 588	5633585111	18
Nov 21, 2018 - 587	1423380755	18
Nov 17, 2018 - 586	0806682052	5
Nov 14, 2018 - 585	4962420769	23
Nov 10, 2018 - 584	5329055734	24
Nov 7, 2018 - 583	5028344226	25
Nov 3, 2018 - 582	2465213215	11
Oct 31, 2018 - 581	4039470725	20
Oct 27, 2018 - 580	1312082719	4
Oct 24, 2018 - 579	5653452103	22
Oct 20, 2018 - 578	6216545769	23
Oct 17, 2018 - 577	0364696857	15
Oct 13, 2018 - 576	1465114332	15
Oct 10, 2018 - 575	2760422308	7
Oct 6, 2018 - 574	2253276701	15
Oct 3, 2018 - 573	6366535941	3
Sep 29, 2018 - 572	0917345964	22
Sep 26, 2018 - 571	0701305002	8
Sep 22, 2018 - 570	6124696463	18
Sep 19, 2018 - 569	5004514839	11
Sep 15, 2018 - 568	1918243402	3
Sep 12, 2018 - 567	2848630664	24
Sep 8, 2018 - 566	2032033313	21
Sep 5, 2018 - 565	5960065015	13
Sep 1, 2018 - 564	5466556111	9
Aug 29, 2018 - 563	5325416757	12
Aug 25, 2018 - 562	2520576354	8
Aug 22, 2018 - 561	4501476907	13
Aug 18, 2018 - 560	3467526124	16
Aug 15, 2018 - 559	2815124748	16
Aug 11, 2018 - 558	5643056862	24
Aug 8, 2018 - 557	2163304310	17
Aug 4, 2018 - 556	3858031144	2
Aug 1, 2018 - 555	0538225832	26
Jul 28, 2018 - 554	2765564622	13
Jul 25, 2018 - 553	6444180241	26
Jul 21, 2018 - 552	0956582368	1
Jul 18, 2018 - 551	2836100127	12
Jul 14, 2018 - 550	4922416742	11
Jul 11, 2018 - 549	2119472746	7
Jul 7, 2018 - 548	4543011064	22
Jul 4, 2018 - 547	0741150444	10
Jun 30, 2018 - 546	0903204261	24
Jun 27, 2018 - 545	6328620737	15
Jun 23, 2018 - 544	2956451643	25
Jun 20, 2018 - 543	1456270423	13
Jun 16, 2018 - 542	6509585745	9
Jun 13, 2018 - 541	1338452055	1
Jun 9, 2018 - 540	3610250615	14
Jun 6, 2018 - 539	5328412356	14
Jun 2, 2018 - 538	2337644425	7
May 30, 2018 - 537	4623261768	20
May 26, 2018 - 536	4531210149	21
May 23, 2018 - 535	2054615664	7
May 19, 2018 - 534	5609170306	25
May 16, 2018 - 533	1722211951	19
May 12, 2018 - 532	4256225545	14
May 9, 2018 - 531	5069163811	19
May 5, 2018 - 530	2936146157	17
May 2, 2018 - 529	4005315014	6
Apr 28, 2018 - 528	2850224520	8
Apr 25, 2018 - 527	1817396456	12
Apr 21, 2018 - 526	5069546240	19
Apr 18, 2018 - 525	1217100923	9
Mar 14, 2018 - 515	1224064168	9
Mar 10, 2018 - 514	6943544461	22
Mar 7, 2018 - 513	3606191351	18
Mar 3, 2018 - 512	4017362513	5
Feb 28, 2018 - 511	6912655930	16
Feb 24, 2018 - 510	3825626324	6
Feb 21, 2018 - 509	0736311534	8
Feb 17, 2018 - 508	2662391344	2
Feb 14, 2018 - 507	4446373969	26
Feb 10, 2018 - 506	2713415901	20
Feb 7, 2018 - 505	4035344723	10
Feb 3, 2018 - 504	1548232753	6
Jan 31, 2018 - 503	0704145946	22
Jan 31, 2018 - 503	0704145946	22
Jan 27, 2018 - 502	5426172147	7
Jan 24, 2018 - 501	1109053364	21
Jan 20, 2018 - 500	2826584749	3
Jan 17, 2018 - 499	3351033757	21
Jan 13, 2018 - 498	6925351458	24
Jan 10, 2018 - 497	0724504933	4
Jan 6, 2018 - 496	1261302933	26
Jan 3, 2018 - 495	4239180237	12
Dec 30, 2017 - 494	5828514136	24
Dec 27, 2017 - 493	1660035609	3
Dec 23, 2017 - 492	4415011303	25
Dec 20, 2017 - 491	2061640169	20
Dec 16, 2017 - 490	3563370950	11
Dec 13, 2017 - 489	0228515824	7
Dec 9, 2017 - 488	3660553725	6
Dec 6, 2017 - 487	5019556220	9
Dec 2, 2017 - 486	3230362858	6
Nov 29, 2017 - 485	5928262463	16
Nov 25, 2017 - 484	5308542713	4
Nov 22, 2017 - 483	6151374635	13
Nov 18, 2017 - 482	1731283239	26
Nov 15, 2017 - 481	4832445023	25
Nov 11, 2017 - 480	5606043016	18
Nov 8, 2017 - 479	1221143420	22
Nov 4, 2017 - 478	5148122614	13
Nov 1, 2017 - 477	2603190644	1
Oct 28, 2017 - 476	3527576638	10
Oct 25, 2017 - 475	5754292218	8
Oct 21, 2017 - 474	1445694142	4
Oct 18, 2017 - 473	6954493066	8