Date:
2018-06-08

Numbers:

11,26,64,44,32 - 10

Date:
2018-07-03

Numbers:

52,14,21,67,34 - 10
65,14,5,44,38 - 11

Date:
2018-10-12

Numbers:

52,14,21,67,34 - 02


Date:
2018-10-15

Numbers:

34,15,7,19,40 - 03
32,41,12,62,16 - 03
54,12,41,29,35 - 17
15,43,29,21,63 - 11
11,62,22,35,54 - 17

2,30,41,13,35 - 20
8,15,56,23,64 - 20
31,11,21,14,68 - 20
34,29,20,11,16 - 12
52,7,16,30,17 - 12

34,19,10,13,68 - 04
8,26,62,18,63 - 04
15,33,65,44,13 - 09
5,27,14,32,68 - 13
25,47,14,32,55 - 03

Date:
2018-10-21

Numbers:

34,37,7,19,40 - 03
32,41,12,62,16 - 03
54,12,41,29,35 - 17
58,43,29,21,63 - 11
11,62,22,35,54 - 17

2,30,41,13,35 - 20
8,18,56,44,64 - 20
31,11,21,14,68 - 20
34,29,20,11,16 - 12
52,7,16,30,17 - 12

34,19,10,13,68 - 04
8,26,62,18,63 - 04
2,33,7,44,13 - 09
5,27,14,32,68 - 13
25,47,14,32,55 - 03

60,39,11,2,35 - 08
31,68,18,44,12 - 20
16,32,7,22,49 - 20
52,14,21,67,34 - 10
65,14,5,44,38 - 11

2018-10-21

Numbers:

23,41,12,62,27 - 02
11,62,22,35,54 - 17

2018-12-11

Numbers:

23,41,12,62,27 - 05
2,62,22,35,54 - 05

2019-02-28

Numbers:

23,41,12,62,27 - 05
25,57,5,23,41 - 05
