Date:
2018-02-03

Numbers:
3,20,26,36,42 - 6


Date:
2018-05-09

Numbers:
17,23,28,39,43 - 22

Date:
2018-07-21

Numbers:
17,23,6,56,43 - 22

Date:
2018-07-28

Numbers:
10,56,23,38,7 - 25


Date:
2018-08-01

Numbers:
4,61,16,25,55 - 7


Date:
2018-08-08

Numbers:
23,45,21,56,9 - 7

Date:
2018-08-22

Numbers:
43,5,28,56,10 - 14

Date:
2018-08-29

Numbers:
15,44,23,10,4 - 22

Date:
2018-09-01

Numbers:
15,44,23,10,4 - 1

Date:
2018-09-05

Numbers:
15,44,23,63,4 - 24


Date:
2018-09-19

Numbers:
15,44,23,63,4 - 16

Date:
2018-10-10

Numbers:
15,7,32,57,28 - 24

Date:
2018-10-17

Numbers:
22,7,32,57,28 - 24
41,24,20,56,9 - 13

Date:
2018-10-20

Numbers:
22,39,48,30,10 - 24

Date:
2018-10-24

Numbers:
22,39,48,30,10 - 13
27,34,15,48,21 - 6
59,7,24,50,32 - 6
1,9,33,47,64 -  6
11,41,19,61,67 - 8

63,24,6,15,12 - 8
34,47,12,2,10 - 13
23,50,63,43,28 - 12
60,63,24,3,7 - 12
53,7,20,24,67 - 3

Date:
2018-10-27

Numbers:
22,39,48,30,10 - 13
27,34,15,48,19 - 6
59,7,24,50,32 - 8
1,9,33,47,64 -  8
11,41,19,61,67 - 8

63,24,6,15,12 - 8
34,47,12,2,10 - 13
23,50,63,43,28 - 12
60,63,24,3,7 - 12
64,7,20,24,67 - 3

Date:
2018-10-31

Numbers:
22,53,48,30,10 - 13
27,34,15,48,68 - 13


Date:
2018-11-03

Numbers:
22,53,48,30,10 - 13
27,34,15,02,68 - 13

Date:
2018-11-07

Numbers:
27,34,15,02,68 - 13

Date:
2018-11-10

Numbers:
27,39,15,02,64 - 13

Date:
2018-11-14

Numbers:
27,39,15,02,64 - 13

Date:
2018-11-17

Numbers:
27,39,15,02,64 - 13
24,57,27,41,15 - 13

Date:
2018-11-21

Numbers:
15,7,53,2,24 - 15

Date:
2018-11-24

Numbers:
42,3,62,13,27 - 15
28,21,50,48,11 -  15

Date:
2018-11-28

Numbers:
42,3,62,13,27 - 15
28,21,50,48,11 -  15

Date:
2018-12-08

Numbers:
42,3,62,13,27 - 15
13,21,36,51,45 - 11

Date:
2018-12-19

Numbers:
42,3,62,13,27 - 11
13,21,36,9,45 - 11
25,57,32,22,5 - 11

Date:
2019-01-19

Numbers:
42,3,62,13,27 - 11
22,53,48,30,10 - 11


Date:
2019-02-13

Numbers:
10,21,36,55,29 - 17
12,56,43,38,29 - 17
