Feb 28, 2020 - 1533	0203144164	17
Feb 25, 2020 - 1532	0209434963	15
Feb 21, 2020 - 1531	0407131660	06
Feb 18, 2020 - 1530	0612396170	04
Feb 14, 2020 - 1529	1032485455	18
Feb 11, 2020 - 1528	0406325264	06
Feb 7, 2020 - 1527	0914273652	04
Feb 4, 2020 - 1526	3248505164	10
Jan 31, 2020 - 1525	2831335762	19
Jan 28, 2020 - 1524	1736475162	21
Jan 24, 2020 - 1523	0304182338	24
Jan 21, 2020 - 1522	1618293137	08
Jan 17, 2020 - 1521	0325305470	09
Jan 14, 2020 - 1520	0911133147	11
Jan 10, 2020 - 1519	1727495166	02
Jan 7, 2020 - 1518	2540415256	21
Jan 3, 2020 - 1517	3741425363	16
Dec 31, 2019 - 1516	3044495356	11
Dec 27, 2019 - 1515	1734406364	24
Dec 24, 2019 - 1514	2737486366	11
Dec 20, 2019 - 1513	0320233560	16
Dec 17, 2019 - 1512	2230535556	16
Dec 13, 2019 - 1511	1721293956	22
Dec 10, 2019 - 1510	1831465461	25
Dec 6, 2019 - 1509	2031404661	20
Dec 3, 2019 - 1508	2343606369	19
Nov 29, 2019 - 1507	0608315065	09
Nov 26, 2019 - 1506	0827293843	13
Nov 22, 2019 - 1505	0712174953	24
Nov 19, 2019 - 1504	2243444766	22
Nov 15, 2019 - 1503	1219343568	20
Nov 12, 2019 - 1502	1930445665	24
Nov 8, 2019 - 1501	0304103958	14
Nov 5, 2019 - 1500	0209244954	19
Nov 1, 2019 - 1499	0920364154	22
Oct 29, 2019 - 1498	0409172739	22
Oct 25, 2019 - 1497	1624255260	06
Oct 22, 2019 - 1496	0511142325	10
Oct 18, 2019 - 1495	1858606567	20
Oct 15, 2019 - 1494	0412143570	02
Oct 11, 2019 - 1493	1422303760	08
Oct 8, 2019 - 1492	0508101748	23
Oct 4, 2019 - 1491	1138444870	17
Oct 1, 2019 - 1490	1017394259	03
Sep 27, 2019 - 1489	1220314345	20
Sep 24, 2019 - 1488	0614244246	09
Sep 20, 2019 - 1487	2324424853	22
Sep 17, 2019 - 1486	1215305065	01
Sep 13, 2019 - 1485	0616375962	05
Sep 10, 2019 - 1484	3447485055	24
Sep 6, 2019 - 1483	0411131931	10
Sep 3, 2019 - 1482	1320276162	05
Aug 30, 2019 - 1481	0309113439	10
Aug 27, 2019 - 1480	0812233943	06
Aug 23, 2019 - 1479	1115375468	21
Aug 20, 2019 - 1478	0814255163	04
Aug 16, 2019 - 1477	0414242646	14
Aug 13, 2019 - 1476	0727313451	05
Aug 9, 2019 - 1475	1553565963	01
Aug 6, 2019 - 1474	1117314355	16
Aug 2, 2019 - 1473	1120264870	19
Jul 30, 2019 - 1472	1024283338	06
Jul 26, 2019 - 1471	0406114348	11
Jul 23, 2019 - 1470	0104234045	11
Jul 19, 2019 - 1469	1618283367	14
Jul 16, 2019 - 1468	0816314852	23
Jul 12, 2019 - 1467	0825385659	07
Jul 9, 2019 - 1466	1226404864	01
Jul 5, 2019 - 1465	0638475763	12
Jul 2, 2019 - 1464	0325374055	13
Jun 28, 2019 - 1463	0235495363	01
Jun 25, 2019 - 1462	2433454761	17
Jun 21, 2019 - 1461	1330364862	18
Jun 18, 2019 - 1460	1214222448	21
Jun 14, 2019 - 1459	4065194757	6
Jun 11, 2019 - 1458	3420395743	13
Jun 7, 2019 - 1457	2768171940	2
Jun 4, 2019 - 1456	4625486837	25
May 31, 2019 - 1455	6708260765	4
May 28, 2019 - 1454	5009422134	21
May 24, 2019 - 1453	6214445641	10
May 21, 2019 - 1452	5855105056	15
May 17, 2019 - 1451	0532281763	11
May 14, 2019 - 1450	6768115966	18
May 10, 2019 - 1449	6162211603	19
May 7, 2019 - 1448	5403630634	19
May 3, 2019 - 1447	1608686622	11
Apr 30, 2019 - 1446	3741702461	20
Apr 26, 2019 - 1445	3046230917	10
Apr 23, 2019 - 1444	0767304824	9
Apr 19, 2019 - 1443	4443185725	25
Apr 16, 2019 - 1442	1134295448	10
Apr 12, 2019 - 1441	2425017040	4
Apr 9, 2019 - 1440	2211583444	9
Apr 5, 2019 - 1439	3808226424	21
Apr 2, 2019 - 1438	6447595833	25
Mar 29, 2019 - 1437	6615620514	3
Mar 26, 2019 - 1436	0414224358	9
Mar 22, 2019 - 1435	3662586007	10
Mar 19, 2019 - 1434	6710426853	15
Mar 15, 2019 - 1433	6462560329	4
Mar 12, 2019 - 1432	1657124910	18
Mar 8, 2019 - 1431	6842040962	7
Mar 5, 2019 - 1430	1532205237	6
Mar 1, 2019 - 1429	3329663960	21
Feb 26, 2019 - 1428	1012602414	20
Feb 22, 2019 - 1427	3455182431	4
Feb 19, 2019 - 1426	6524563417	3
Feb 15, 2019 - 1425	6543403810	12
Feb 12, 2019 - 1424	1539655032	7
Feb 8, 2019 - 1423	4248312414	13
Feb 5, 2019 - 1422	3666033459	7
Feb 1, 2019 - 1421	0237486668	11
Jan 29, 2019 - 1420	1054533362	22
Jun 14, 2019 - 1459	4065194757	6
Jun 11, 2019 - 1458	3420395743	13
Jun 7, 2019 - 1457	2768171940	2
Jun 4, 2019 - 1456	4625486837	25
May 31, 2019 - 1455	6708260765	4
May 28, 2019 - 1454	5009422134	21
May 24, 2019 - 1453	6214445641	10
May 21, 2019 - 1452	5855105056	15
May 17, 2019 - 1451	0532281763	11
May 14, 2019 - 1450	6768115966	18
May 10, 2019 - 1449	6162211603	19
May 7, 2019 - 1448	5403630634	19
May 3, 2019 - 1447	1608686622	11
Apr 30, 2019 - 1446	3741702461	20
Apr 26, 2019 - 1445	3046230917	10
Apr 23, 2019 - 1444	0767304824	9
Apr 19, 2019 - 1443	4443185725	25
Apr 16, 2019 - 1442	1134295448	10
Apr 12, 2019 - 1441	2425017040	4
Apr 9, 2019 - 1440	2211583444	9
Jan 25, 2019 - 1419	6108163038	10
Jan 22, 2019 - 1418	0415376459	16
Jan 18, 2019 - 1417	0243486264	24
Jan 15, 2019 - 1416	6058295262	7
Jan 11, 2019 - 1415	3105046269	20
Jan 8, 2019 - 1414	1338262964	5
Jan 4, 2019 - 1413	2960352154	15
Jan 1, 2019 - 1412	5770346244	14
Dec 28, 2018 - 1411	0938371025	21
Dec 25, 2018 - 1410	0842504302	6
Dec 21, 2018 - 1409	7013611062	5
Dec 18, 2018 - 1408	6932136022	9
Dec 14, 2018 - 1407	2605494322	23
Dec 11, 2018 - 1406	5938045439	12
Dec 7, 2018 - 1405	3304102057	13
Dec 4, 2018 - 1404	2841503142	4
Nov 30, 2018 - 1403	2563404328	19
Nov 27, 2018 - 1402	2442573712	18
Nov 23, 2018 - 1401	1007303359	23
Nov 20, 2018 - 1400	1631661042	10
Nov 16, 2018 - 1399	6336336869	16
Nov 13, 2018 - 1398	6569465734	11
Nov 9, 2018 - 1397	2767081457	5
Nov 6, 2018 - 1396	2834566937	12
Nov 2, 2018 - 1395	6203284623	16
Oct 30, 2018 - 1394	2049393146	23
Oct 26, 2018 - 1393	2801616362	5
Oct 23, 2018 - 1392	2870056265	5
Oct 19, 2018 - 1391	6553231570	7
Oct 16, 2018 - 1390	6945610349	9
Oct 12, 2018 - 1389	7024460461	7
Oct 9, 2018 - 1388	5422392060	18
Oct 5, 2018 - 1387	4132276928	12
Oct 2, 2018 - 1386	0229343122	1
Sep 28, 2018 - 1385	3956455259	15
Sep 25, 2018 - 1384	4832086116	12
Sep 21, 2018 - 1383	1152640201	9
Sep 18, 2018 - 1382	4332316368	17
Sep 14, 2018 - 1381	4066233043	13
Sep 11, 2018 - 1380	6251153067	19
Sep 7, 2018 - 1379	0868105441	10
Sep 4, 2018 - 1378	0225443507	3
Aug 31, 2018 - 1377	0718453229	17
Aug 28, 2018 - 1376	3334200341	20
Aug 24, 2018 - 1375	0601181349	8
Aug 21, 2018 - 1374	5738191416	11
Aug 17, 2018 - 1373	4732015631	3
Aug 14, 2018 - 1372	4426114546	11
Aug 10, 2018 - 1371	0342221201	6
Aug 7, 2018 - 1370	1321620215	2
Aug 3, 2018 - 1369	3060285409	2
Jul 31, 2018 - 1368	3564156912	9
Jul 27, 2018 - 1367	4901634032	20
Jul 24, 2018 - 1366	1902040129	20
Jul 20, 2018 - 1365	4414306201	1
Jul 17, 2018 - 1364	6140666741	12
Jul 13, 2018 - 1363	3922682159	2
Jul 10, 2018 - 1362	2856700117	14
Jul 6, 2018 - 1361	5650460210	16
Jul 3, 2018 - 1360	6813453549	23
Jun 29, 2018 - 1359	6849320247	23
Jun 26, 2018 - 1358	3925602917	19
Jun 22, 2018 - 1357	4411060227	20
Jun 19, 2018 - 1356	1328117065	14
Jun 15, 2018 - 1355	3751110147	6
Jun 12, 2018 - 1354	7003050108	3
Jun 8, 2018 - 1353	3356301444	13