Jul 18, 2020 - 3474	1630373943	14
Jul 15, 2020 - 3473	0725344044	26
Jul 11, 2020 - 3472	0212161931	08
Jul 8, 2020 - 3471	0225364247	06
Jul 4, 2020 - 3470	0406102041	08
Jul 1, 2020 - 3469	1922253342	12
Jun 27, 2020 - 3468	2732354647	12
Jun 24, 2020 - 3467	0811193142	22
Jun 20, 2020 - 3466	0713152530	13
Jun 17, 2020 - 3465	0120303947	21
Jun 13, 2020 - 3464	2125303442	18
Jun 10, 2020 - 3463	0311202546	21
Jun 6, 2020 - 3462	0521223439	08
Jun 3, 2020 - 3461	0717263642	03
May 30, 2020 - 3460	0613213638	25
May 27, 2020 - 3459	0205111444	21
May 23, 2020 - 3458	0727354345	15
May 20, 2020 - 3457	0224293037	08
May 16, 2020 - 3456	0309232735	16
May 13, 2020 - 3455	0410202223	23
May 9, 2020 - 3454	0419243945	14
May 6, 2020 - 3453	0508193739	11
May 2, 2020 - 3452	0407213743	07
Apr 29, 2020 - 3451	0209153446	25
Apr 25, 2020 - 3450	1520273840	15
Apr 22, 2020 - 3449	0110111530	27
Apr 18, 2020 - 3448	0118202126	17
Apr 15, 2020 - 3447	0508092737	11
Apr 11, 2020 - 3446	0104082729	23
Apr 8, 2020 - 3445	0112274647	06
Apr 4, 2020 - 3444	0507373946	26
Apr 1, 2020 - 3443	0408222944	18
Mar 28, 2020 - 3442	0918262930	17
Mar 25, 2020 - 3441	1822242844	26
Mar 21, 2020 - 3440	0809223239	03
Mar 18, 2020 - 3439	0214173247	24
Mar 14, 2020 - 3438	0416192528	06
Mar 11, 2020 - 3437	0510204344	10
Mar 7, 2020 - 3436	0919202133	16
Mar 4, 2020 - 3435	0104263846	11
Feb 29, 2020 - 3434	0520222432	15
Feb 26, 2020 - 3433	0411242841	25
Feb 22, 2020 - 3432	1732363744	03
Feb 12, 2020 - 3429	1113202435	06
Feb 8, 2020 - 3428	0624262832	24
Feb 5, 2020 - 3427	0712183742	17
Feb 1, 2020 - 3426	0114182535	21
Jan 29, 2020 - 3425	2226282936	04
Jan 25, 2020 - 3424	0304102630	06
Jan 22, 2020 - 3423	0114293941	08
Jan 18, 2020 - 3422	0607202742	12
Jan 15, 2020 - 3421	0721284244	22
Jan 11, 2020 - 3420	0409131834	22
Jan 8, 2020 - 3419	0116343547	02
Jan 4, 2020 - 3418	2529313342	19
Jan 1, 2020 - 3417	0409173540	08
Dec 28, 2019 - 3416	1621333639	02
Dec 25, 2019 - 3415	2021323637	14
Dec 21, 2019 - 3414	1015273740	25
Dec 18, 2019 - 3413	0104112336	10
Dec 14, 2019 - 3412	0809224243	20
Dec 11, 2019 - 3411	0203060911	26
Dec 7, 2019 - 3410	0408314445	20
Dec 4, 2019 - 3409	0114212839	13
Nov 30, 2019 - 3408	0732364047	24
Nov 27, 2019 - 3407	1419243647	06
Nov 23, 2019 - 3406	0915274143	17
Nov 20, 2019 - 3405	0107091425	16
Nov 16, 2019 - 3404	1022404143	02
Nov 13, 2019 - 3403	0912232743	12
Nov 9, 2019 - 3402	0712264144	05
Nov 6, 2019 - 3401	0312303641	24
Nov 2, 2019 - 3400	0109273245	25
Oct 30, 2019 - 3399	2734353640	13
Oct 26, 2019 - 3398	0811161923	08
Oct 23, 2019 - 3397	1116192228	13
Oct 19, 2019 - 3396	0817323445	24
Oct 16, 2019 - 3395	0718284144	05
Oct 12, 2019 - 3394	1108022633	14
Oct 9, 2019 - 3393	0914180738	12
Oct 5, 2019 - 3392	4227334708	12
Oct 2, 2019 - 3391	3429352745	15
Sep 28, 2019 - 3390	3805391333	16
Sep 25, 2019 - 3389	1107261303	12
Sep 21, 2019 - 3388	3139013437	12
Sep 18, 2019 - 3387	0727052322	27
Sep 14, 2019 - 3386	2730180410	7
Sep 11, 2019 - 3385	1504240646	6
Sep 7, 2019 - 3384	0818234320	5
Sep 4, 2019 - 3383	4524431622	16
Aug 31, 2019 - 3382	2405083913	23
Aug 28, 2019 - 3381	1421313916	3
Aug 24, 2019 - 3380	4524060414	21
Aug 21, 2019 - 3379	3428251939	9
Aug 17, 2019 - 3378	3134201302	14
Aug 14, 2019 - 3377	4544063847	15
Aug 10, 2019 - 3376	2445114039	27
Aug 7, 2019 - 3375	1213473901	9
Aug 3, 2019 - 3374	3218272117	23
Jul 31, 2019 - 3373	3701410828	8
Jul 27, 2019 - 3372	2322271008	4
Jul 24, 2019 - 3371	0235410145	6
Jul 20, 2019 - 3370	2801291743	4
Jul 17, 2019 - 3369	1506011445	13
Jul 13, 2019 - 3368	0130131820	17
Jul 10, 2019 - 3367	0914084521	24
Jul 6, 2019 - 3366	0346223528	16
Jul 3, 2019 - 3365	2904440347	15
Jun 29, 2019 - 3364	3031440341	5
Jun 26, 2019 - 3363	1737202706	13
Jun 22, 2019 - 3362	0640082042	24
Jun 19, 2019 - 3361	0816174431	21
Jun 15, 2019 - 3360	1928380235	20
Jun 12, 2019 - 3359	3410241623	3
Jun 8, 2019 - 3358	3809063318	14
Jun 5, 2019 - 3357	4121281612	26
Jun 1, 2019 - 3356	1331161032	4ß
May 29, 2019 - 3355	0318260141	8
May 25, 2019 - 3354	3210043643	26
May 22, 2019 - 3353	4337163442	21
May 18, 2019 - 3352	3628221427	20
May 15, 2019 - 3351	0527382322	16
May 11, 2019 - 3350	1408063410	12
May 8, 2019 - 3349	1239261744	2
May 4, 2019 - 3348	3338044305	15
May 1, 2019 - 3347	0413030247	2
Apr 27, 2019 - 3346	3501322902	18
Apr 24, 2019 - 3345	0145361735	4
Apr 20, 2019 - 3344	2703210130	23
Apr 17, 2019 - 3343	2305274631	20
Apr 13, 2019 - 3342	0603453611	26
Apr 10, 2019 - 3341	2231421604	4
Apr 6, 2019 - 3340	2923013342	3
Apr 3, 2019 - 3339	4237092102	12
Mar 30, 2019 - 3338	4710312137	24
Mar 27, 2019 - 3337	3918224226	4
Mar 23, 2019 - 3336	1124254745	22
Mar 20, 2019 - 3335	1541212825	27
Mar 16, 2019 - 3334	2328210245	11
Mar 13, 2019 - 3333	3120372944	15
Mar 9, 2019 - 3332	2214390619	7
Mar 6, 2019 - 3331	0943273910	11
Mar 2, 2019 - 3330	2230273346	25
Feb 27, 2019 - 3329	1125322602	13
Feb 23, 2019 - 3328	2123152634	18
Feb 20, 2019 - 3327	4018093546	4
Feb 16, 2019 - 3326	3545051415	5
Feb 13, 2019 - 3325	4033260846	13
Feb 9, 2019 - 3324	2208334731	25
Feb 6, 2019 - 3323	0104171838	12
Feb 2, 2019 - 3322	3747450334	17
Jan 30, 2019 - 3321	2046031416	4
Jan 26, 2019 - 3320	3134231016	8
Jan 23, 2019 - 3319	2825223406	6
Jan 16, 2019 - 3317	3444370122	27
Jan 12, 2019 - 3316	3106421824	24
Jan 9, 2019 - 3315	4428294303	18
Jan 5, 2019 - 3314	2308461703	18
Jan 2, 2019 - 3313	2142293947	19
Dec 29, 2018 - 3312	1706354204	6
Dec 26, 2018 - 3311	3611310147	11
Dec 22, 2018 - 3310	2640352418	23
Dec 19, 2018 - 3309	2409173507	22
Dec 15, 2018 - 3308	2122444502	1
Dec 12, 2018 - 3307	1115420635	16
Dec 8, 2018 - 3306	3211173545	19
Dec 5, 2018 - 3305	0642130333	24
Dec 1, 2018 - 3304	3209301407	7
Nov 28, 2018 - 3303	1821344326	1
Nov 24, 2018 - 3302	2215160744	1
Nov 21, 2018 - 3301	4301381210	12
Nov 17, 2018 - 3300	4634232045	1
Nov 14, 2018 - 3299	3225394406	9
Nov 10, 2018 - 3298	3601372003	18
Nov 7, 2018 - 3297	2545122847	16
Nov 3, 2018 - 3296	2339311433	18
Oct 31, 2018 - 3295	4028414736	15
Oct 27, 2018 - 3294	3808012328	17
Oct 24, 2018 - 3293	0201344406	6
Oct 20, 2018 - 3292	1145361938	18
Oct 19, 2018 - 1391	6553231570	7
Oct 17, 2018 - 3291	1116220323	9
Oct 13, 2018 - 3290	2340033038	1
Oct 10, 2018 - 3289	4021461634	24
Oct 6, 2018 - 3288	1503142616	4
Oct 3, 2018 - 3287	3209182016	15
Sep 29, 2018 - 3286	3723112507	6
Sep 26, 2018 - 3285	0932362821	17
Sep 22, 2018 - 3284	2209244445	5