Mar 17, 2021 - 829	3438426162	19
Mar 13, 2021 - 828	0511515661	02
Mar 10, 2021 - 827	1718374453	18
Mar 6, 2021 - 826	1131505258	18
Mar 3, 2021 - 825	2140445055	16
Feb 27, 2021 - 824	0228314452	18
Feb 24, 2021 - 823	0433435365	21
Feb 20, 2021 - 822	0408223258	04
Feb 17, 2021 - 821	0115213246	01
Feb 13, 2021 - 820	2028336368	20
Feb 10, 2021 - 819	1539586367	07
Feb 6, 2021 - 818	0116484965	08
Feb 3, 2021 - 817	0537406466	05
Jan 30, 2021 - 816	0102075261	04
Jan 27, 2021 - 815	1733354252	09
Jan 23, 2021 - 814	0508172728	14
Jan 20, 2021 - 813	4053606869	22
Jan 16, 2021 - 812	1420396567	02
Jan 13, 2021 - 811	0419232549	14
Jan 9, 2021 - 810	1426384546	13
Jan 6, 2021 - 809	0120226066	03
Jan 2, 2021 - 808	0304114167	05
Dec 30, 2020 - 807	0343456165	14
Dec 26, 2020 - 806	1024273553	18
Dec 23, 2020 - 805	0613383953	06
Dec 19, 2020 - 804	2732344352	13
Dec 16, 2020 - 803	0423376167	07
Dec 12, 2020 - 802	1754566369	20
Dec 9, 2020 - 801	1114314748	04
Dec 5, 2020 - 800	0304064853	10
Dec 2, 2020 - 799	2831404146	04
Nov 28, 2020 - 798	0812184451	18
Nov 25, 2020 - 797	0257586065	26
Nov 21, 2020 - 796	5154576069	11
Nov 18, 2020 - 795	0405174352	05
Nov 14, 2020 - 794	0715183245	20
Nov 11, 2020 - 793	1315174563	13
Nov 7, 2020 - 792	1416374858	18
Nov 4, 2020 - 791	2332334549	14
Oct 31, 2020 - 790	0206404255	24
Oct 28, 2020 - 789	1128374053	13
Oct 24, 2020 - 788	1820274565	06
Oct 21, 2020 - 787	0103134456	26
Oct 17, 2020 - 786	0610313744	23
Oct 14, 2020 - 785	2137525358	05
Oct 10, 2020 - 784	0518234050	18
Oct 7, 2020 - 783	0624305356	19
Oct 3, 2020 - 782	1831364347	20
Sep 30, 2020 - 781	1418364967	18
Sep 26, 2020 - 780	1121273662	24
Sep 23, 2020 - 779	0817495259	01
Sep 19, 2020 - 778	1114234757	14
Sep 16, 2020 - 777	1017315153	01
Sep 12, 2020 - 776	1617205367	04
Sep 9, 2020 - 775	2752556064	21
Sep 5, 2020 - 774	1521222747	07
Sep 2, 2020 - 773	0104112069	18
Aug 29, 2020 - 772	0521222943	10
Aug 26, 2020 - 771	0812194758	02
Aug 22, 2020 - 770	1930364266	14
Aug 19, 2020 - 769	1323475558	23
Aug 15, 2020 - 768	0512344556	03
Aug 12, 2020 - 767	0206183637	21
Aug 8, 2020 - 766	0203144051	24
Aug 5, 2020 - 765	0714175765	24
Aug 1, 2020 - 764	0625364348	24
Jul 29, 2020 - 763	0729354045	26
Jul 25, 2020 - 762	0521366162	18
Jul 22, 2020 - 761	1625364455	14
Jul 18, 2020 - 760	1316325859	09
Jul 15, 2020 - 759	2747616269	04
Jul 11, 2020 - 758	1419616264	04
Jul 8, 2020 - 757	0310343662	05
Jul 4, 2020 - 756	1621276061	06
Jul 1, 2020 - 755	1528525363	18
Jun 27, 2020 - 754	0936495662	08
Jun 24, 2020 - 753	1522273346	23
Jun 20, 2020 - 752	1031416367	05
Jun 17, 2020 - 751	0710636468	10
Jun 13, 2020 - 750	0212325065	05
Jun 10, 2020 - 749	1033415254	18
Jun 6, 2020 - 748	0117386869	18
Jun 3, 2020 - 747	0103264164	17
May 30, 2020 - 746	1332415860	14
May 27, 2020 - 745	3858596468	21
May 23, 2020 - 744	0208182123	16
May 20, 2020 - 743	1834404250	09
May 16, 2020 - 742	0812263942	11
May 13, 2020 - 741	3953545657	20
May 9, 2020 - 740	1218424865	19
May 6, 2020 - 739	0708355065	20
May 2, 2020 - 738	1316335868	24
Apr 29, 2020 - 737	0220496167	20
Apr 25, 2020 - 736	0103214757	18
Apr 22, 2020 - 735	0133354069	24
Apr 18, 2020 - 734	0444465663	19
Apr 15, 2020 - 733	1012333641	02
Apr 11, 2020 - 732	2229304247	17
Apr 8, 2020 - 731	0237394854	05
Apr 4, 2020 - 730	0831394043	04
Apr 1, 2020 - 729	3335454860	16
Mar 28, 2020 - 728	0740485566	11
Mar 25, 2020 - 727	0509273942	16
Mar 21, 2020 - 726	0223405969	13
Mar 18, 2020 - 725	1527445963	08
Mar 14, 2020 - 724	0923263032	08
Mar 11, 2020 - 723	0429495067	02
Mar 7, 2020 - 722	0715213362	23
Mar 4, 2020 - 721	1843586068	14
Feb 29, 2020 - 720	2444465051	13
Feb 26, 2020 - 719	0827293647	24
Feb 22, 2020 - 718	2537396162	11
Feb 19, 2020 - 717	1012151956	19
Feb 15, 2020 - 716	1632353646	03
Feb 12, 2020 - 715	1447545568	25
Feb 8, 2020 - 714	3549505966	06
Feb 5, 2020 - 713	2330354157	02
Feb 1, 2020 - 712	1233545760	13
Jan 29, 2020 - 711	0912153160	02
Jan 25, 2020 - 710	0209173667	18
Jan 22, 2020 - 709	1133445967	08
Jan 18, 2020 - 708	2024385668	18
Jan 15, 2020 - 707	3941535568	19
Jan 11, 2020 - 706	0321233159	03
Jan 8, 2020 - 705	0204074356	22
Jan 4, 2020 - 704	0111212554	07
Jan 1, 2020 - 703	4953575962	26
Dec 28, 2019 - 702	2023395960	18
Dec 25, 2019 - 701	0204163046	20
Dec 21, 2019 - 700	1931355067	14
Dec 18, 2019 - 699	1418263968	09
Dec 14, 2019 - 698	0306123264	19
Dec 11, 2019 - 697	2429424463	10
Dec 7, 2019 - 696	1842536266	25
Dec 4, 2019 - 695	0827445161	14
Nov 30, 2019 - 694	1535426368	18
Nov 27, 2019 - 693	1526375355	21
Nov 23, 2019 - 692	2835386166	23
Nov 20, 2019 - 691	0715394057	12
Nov 16, 2019 - 690	1422265563	26
Nov 13, 2019 - 689	2326272866	11
Nov 9, 2019 - 688	1417353860	25
Nov 6, 2019 - 687	1528466264	17
Nov 2, 2019 - 686	0323323758	22
Oct 30, 2019 - 685	1922525667	21
Oct 26, 2019 - 684	0320485459	04
Oct 23, 2019 - 683	0512506169	23
Oct 19, 2019 - 682	1427295965	12
Oct 16, 2019 - 681	0105256367	03
Oct 12, 2019 - 680	1229345365	23
Oct 9, 2019 - 679	0518334365	02
Oct 5, 2019 - 678	0614365154	04